benchmark_derived:
  annualized_return: 0.026209798205447665
  annualized_volatility: 0.027266391937139672
  concentration_hhi_avg: 0.04747599730961507
  max_drawdown: -0.025957712429929405
  sharpe_ratio: 0.9625343157959896
  turnover_annualized: 4.184898140629193
benchmark_target:
  annualized_return: 0.04610529857855905
  annualized_volatility: 0.032263643262297116
  max_drawdown: -0.01869082240490586
  sharpe_ratio: 1.4290171200980615
constraints:
  max_total_exposure: 1.0
  max_turnover_per_rebalance: 0.22700528519263757
  max_weight_per_algo: 0.4
  min_weight_per_algo: 0.0
  rebalance_frequency: daily
  target_volatility: 0.03271967032456761
